65737
65882
65895
65918
70700
70880
70889
71331
71375
71384
71404
71458
71482
71561
71564
71584
71615
71640
71651
71663
71697
71715
71734
71747
71787
71819
71841
71898
71934
71968
72015
72028
72046
72066
72079
72122
72131
72173
72200
72207
72213
72244
72262
72269
72314
72324
72335
72373
72412
72453
73156
73238
73326
73362
73432
73498
73586
73613
73634
73674
73727
73773
73820
73884
73951
74016
74059
74132
74241
74323
74410
74441
74524
74595
74697
74721
74838
74984
75080
75171
75309
75401
75557
75600
75662
75703
75814
75919
75995
76143
76194
76426
76544
76771
76855
76951
77089
77252
77424
77513
77610
77740
77806
77917
77936
78006
78037
78121
78205
78235
78287
78296
78376
78439
78519
78588
78639
78693
78760
78945
79033
79098
79157
79211
79255
79307
79348
79381
79399
79436
79492
79549
79593
79687
79695
79732
79754
79793
79843
79868
79902
79927
79957
80022
80073
80100
80118
80170
80301
80325
80349
80381
80396
80410
80440
80495
80551
80572
80613
80653
80913
80919
80936
80945
80948
80951
80955
80970
80974
80978
80985
80989
80998
81008
81015
81018
81023
81026
81029
81033
81041
81044
81048
81054
81058
81062
81066
81071
81074
81079
81085
81088
81090
81095
81103
81118
81127
81131
81133
81136
81142
81147
81152
81155
81159
81162
81165
82679
82707
82710
82712
82718
82724
82727
82731
82740
82743
82745
82747
82752
82754
82759
82910
82920
82922
82924
82926
82930
82935
82946
82948
82954
82956
82960
82964
82966
82970
82975
82977
82979
82982
82986
82992
83000
83002
83009
83012
83015
83018
83023
83025
83029
83033
83035
83037
83064
